
kmqi1 = -2.88350e-02 ;
kqtl2 =  1.38326e-02 ; 
kqtl3 = -1.19281e-02 ;
kqtl4 =  1.32992e-02 ;
kqtl5 = -1.46172e-02 ; 

kqtn1  =  2.09907e-02 ; 

kqtn5  =   -2.07E-02;
kqtn6 =	   8.58E-03;
kqtn7 =	   1.84E-03;
kqtn8 =    1.52E-02;
kqtl9 =	   -8.69E-03;
kqtl101 =  5.54E-03;
kqtl111 =  -1.00E-06;
 
kqtnf=-0.02086616618 ; 
kqtnd= 0.02019061088 ;