
kmqi1 = -2.88350e-02 ;
kqtl2 =  1.38326e-02 ; 
kqtl3 = -1.19281e-02 ;
kqtl4 =  1.32992e-02 ;
kqtl5 = -1.46172e-02 ; 

kqtn1  =  2.09907e-02 ; 

kqtn5	=	-1.92142e-02 ;
kqtn6	=	2.25424e-02 ;
kqtn7	=	7.64681e-03 ;
kqtn8	=	1.73884e-03 ;
kqtl9	=	-7.50423e-03 ;
kqtl101	=	6.66140e-03 ;
kqtl111	=	-6.44903e-04 ;
 
kqtnf=-0.02086616618 ; 
kqtnd= 0.02019061088 ;