
kmqi1 = -2.88350e-02 ;
kqtl2 =  1.38326e-02 ; 
kqtl3 = -1.19281e-02 ;
kqtl4 =  1.32992e-02 ;
kqtl5 = -1.46172e-02 ; 

kqtn1  =  2.09907e-02 ; 

kqtn5   = -1.90E-02; 
kqtn6   = 8.47E-03;
kqtn7   = 4.07E-03;
kqtn8   = 1.22E-02;
kqtl9   = -8.56E-03;
kqtl101 = 6.64E-03;
kqtl111 = -2.59E-03;

kqtnf=-0.02086616618 ; 
kqtnd= 0.02019061088 ;