
kmqi1 = -2.88350e-02 ;
kqtl2 =  1.38326e-02 ; 
kqtl3 = -1.19281e-02 ;
kqtl4 =  1.32992e-02 ;
kqtl5 = -1.46172e-02 ; 

kqtn1  =  2.09907e-02 ; 

kqtn5	=	-1.77955e-02 ;
kqtn6	=	1.69306e-02 ;
kqtn7	=	2.68706e-03 ;
kqtn8	=	1.14862e-02 ;
kqtl9	=	-8.16115e-03 ;
kqtl101	=	9.79937e-03 ;
kqtl111	=	-1.54029e-02 ; 

kqtnf=-0.02086616618 ; 
kqtnd= 0.02019061088 ;