
kmqi1 = -2.88350e-02 ;
kqtl2 =  1.38326e-02 ; 
kqtl3 = -1.19281e-02 ;
kqtl4 =  1.32992e-02 ;
kqtl5 = -1.46172e-02 ; 

kqtn1  =  2.09907e-02 ; 
kqtn5  =  -2.17768e-02 ; 	
kqtn6  =   2.08443e-02 ;
kqtn7  =   1.81453e-03 ;	!shift of sign? => no
kqtn8  =   9.72330e-03 ; 
kqtl9  =  -8.20299e-03 ; 
kqtl101=   9.58160e-03 ; 
kqtl111=  -1.36330e-02 ; 
kqts111=  -1.45685e-02 ;
 
kqtnf=-0.02086616618 ; 
kqtnd= 0.02019061088 ;