!==========================================!
! Q22 optics - TT10 + SPS                  !
!==========================================!
kqiid1001 = -0.1170906402240631;
kqiif1002 = 0.1361023144200564;
kqiid1003 = -0.0718462631546838;
kqif1004 = 0.1161908477372457;
kqid1005 = -0.0766976909736124;
kqif1006 = 0.1127020627997533;
kqid1007m = -0.0757894752040643;
kqif1008m = 0.0921142584699326;
kqid1011m = -0.0975679519562427;
kqif1012m = 0.0975679519567152;
kqda := kqd*9./11.;
kqd := -0.0125776833100000;
ksfa := 0.0632564585900000;
kqf2 := kqf1;
kqf1 := 0.0125754451200000;
ksdb := -0.1456131825000000;
ksda := -0.1496282606000000;
ksfb := 0.1214166893000000;
kqf2a := kqf2*9./11.;
ksfc := ksfa;
kqf1a := kqf1*9./11.;