kqfo105 =   0.2039443700000000 ;
kqde120 =  -0.0876063591300000 ;
kqfo135 =   0.0786985088600000 ;
kqde150 =  -0.0695497092500000 ;
kqfo165 =   0.0726382923100000 ;
kqde180 =  -0.0724490900000000 ;
kqfo205 =   0.0609729500000000 ;
kqde210 =  -0.1042264261000000 ;
kqfo215 =   0.0712141812800000 ;
kqde163 =   0.0000000000000000 ;
kqde207 =   0.0000000000000000 ;
kqde213 =   0.0000000000000000 ;
kqde217 =   0.0000000000000000 ;
kqde220.f =  -0.1044314276000000 ;
kqfo225.f =   0.1068212719000000 ;
kqde240.f =  -0.1042264261395345 ;
kqfo375 =   0.1321434752000000 ;
kqiid1001 =  -0.0976192885806467 ;
kqiif1002 =   0.1379613016336544 ;
kqiid1003 =  -0.0691421873844839 ;
kqif1004 =   0.1192746060611570 ;
kqid1005 =  -0.0866657314127937 ;
kqif1006 =   0.1265876663881121 ;
kqid1007m =  -0.0876506621960947 ;
kqif1008m =   0.1142886722443052 ;
kqid1011m =  -0.0923982900775185 ;
kqif1012m =   0.0876184237519706 ;
