// quadrupole strengths for TT60/TT66 after matching to focal point
kqid.610100        = -0.014370985 ;
kqif.610200        =  0.011278471 ;
kqid.610300        = -0.004541021 ;
kqif.610400        =  0.014895075 ;
kqid.610500        = -0.011547190 ;
kqif.610600        =  0.000449000 ;
kqif.660100        =  0.014310293 ;
kqid.660200        = -0.011209966 ;
kqif.660300        =  0.009433989 ;
kqid.660400        = -0.004850893 ;
kqif.660500        =  0.001458615 ;
