kqid.610100 = -0.010560428 ;
kqif.610200 =  0.011186064 ;
kqid.610300 = -0.012537701 ;
kqif.610400 =  0.011912908 ;
kqid.610500 = -0.012791424 ;
kqif.610600 =  0.004727593 ;
kqif.660100 =  0.008054048 ;
kqid.660200 = -0.008384502 ;
kqif.660300 =  0.015778510 ;
kqid.660400 = -0.013499919 ;
kqif.660500 =  0.009220501 ;
