kqid.610100 = -0.010424977 ;
kqif.610200 =  0.009588323 ;
kqid.610300 = -0.011792711 ;
kqif.610400 =  0.008753513 ;
kqid.610500 = -0.012965250 ;
kqif.610600 =  0.004640241 ;
kqif.660100 =  0.005833963 ;
kqid.660200 = -0.006853026 ;
kqif.660300 =  0.012570877 ;
kqid.660400 = -0.013810841 ;
kqif.660500 =  0.014134942 ;
