// quadrupole strengths for TT60/TT66 after matching to focal point
kqid.610100        = -0.013530541 ;
kqif.610200        =  0.008466385 ;
kqid.610300        = -0.010295754 ;
kqif.610400        =  0.013846173 ;
kqid.610500        = -0.009408944 ;
kqif.610600        =  0.003551574 ;
kqif.660100        =  0.011180290 ;
kqid.660200        = -0.010166920 ;
kqif.660300        =  0.014811533 ;
kqid.660400        = -0.011507279 ;
kqif.660500        =  0.007388483 ;
