kqid.610100 = -0.014307485 ;
kqif.610200 =  0.009071496 ;
kqid.610300 = -0.008019102 ;
kqif.610400 =  0.013105481 ;
kqid.610500 = -0.010794162 ;
kqif.610600 =  0.003246725 ;
kqif.660100 =  0.013149030 ;
kqid.660200 = -0.011147586 ;
kqif.660300 =  0.010873354 ;
kqid.660400 = -0.005776368 ;
kqif.660500 =  0.001615376 ;
