// quadrupole strengths for TT60/TT66 after matching to focal point
kqid.610100        = -0.014370985 ;
kqif.610200        =  0.011278471 ;
kqid.610300        = -0.005461562 ;
kqif.610400        =  0.013266785 ;
kqid.610500        = -0.010892192 ;
kqif.610600        =  0.000784902 ;
kqif.660100        =  0.013770743 ;
kqid.660200        = -0.011121896 ;
kqif.660300        =  0.009435807 ;
kqid.660400        = -0.005861094 ;
kqif.660500        =  0.002398762 ;
