// quadrupole strengths for TT60/TT66 after matching to focal point
kqid.610100        = -0.014370985 ;
kqif.610200        =  0.011278471 ;
kqid.610300        = -0.007375546 ;
kqif.610400        =  0.013234800 ;
kqid.610500        = -0.010748155 ;
kqif.610600        =  0.000554788 ;
kqif.660100        =  0.013690717 ;
kqid.660200        = -0.011115883 ;
kqif.660300        =  0.009711762 ;
kqid.660400        = -0.005730946 ;
kqif.660500        =  0.002217787 ;
