kqid.610100 = -0.014691052 ;
kqif.610200 =  0.010372011 ;
kqid.610300 = -0.011393136 ;
kqif.610400 =  0.012460699 ;
kqid.610500 = -0.007903531 ;
kqif.610600 =  0.000856999 ;
kqif.660100 =  0.013143359 ;
kqid.660200 = -0.010912453 ;
kqif.660300 =  0.012188447 ;
kqid.660400 = -0.007791225 ;
kqif.660500 =  0.002947655 ;
