kqid.610100 = -0.011316091 ;
kqif.610200 =  0.010253019 ;
kqid.610300 = -0.012240723 ;
kqif.610400 =  0.010114070 ;
kqid.610500 = -0.010956583 ;
kqif.610600 =  0.002649797 ;
kqif.660100 =  0.006449269 ;
kqid.660200 = -0.006851923 ;
kqif.660300 =  0.014614294 ;
kqid.660400 = -0.013064743 ;
kqif.660500 =  0.009298284 ;
