// quadrupole strengths for TT60/TT66 after matching to focal point
kqid.610100        = -0.014370985 ;
kqif.610200        =  0.011278471 ;
kqid.610300        = -0.004246330 ;
kqif.610400        =  0.014579098 ;
kqid.610500        = -0.011370064 ;
kqif.610600        = -0.000005329 ;
kqif.660100        =  0.014295485 ;
kqid.660200        = -0.011198281 ;
kqif.660300        =  0.009300505 ;
kqid.660400        = -0.005197178 ;
kqif.660500        =  0.001870053 ;
