kqid.610100 = -0.001997941 ;
kqif.610200 =  0.016000000 ;
kqid.610300 = -0.006502848 ;
kqif.610400 =  0.015696046 ;
kqid.610500 = -0.010730178 ;
kqif.610600 =  0.000000000 ;
kqif.660100 =  0.022411167 ;
kqid.660200 = -0.012655583 ;
kqif.660300 =  0.008065966 ;
kqid.660400 = -0.004362469 ;
kqif.660500 =  0.001404511 ;
