kqid.610100 = -0.011501110 ;
kqif.610200 =  0.006361808 ;
kqid.610300 = -0.009130146 ;
kqif.610400 =  0.011961535 ;
kqid.610500 = -0.010304665 ;
kqif.610600 =  0.006009620 ;
kqif.660100 =  0.012436724 ;
kqid.660200 = -0.010814500 ;
kqif.660300 =  0.012701651 ;
kqid.660400 = -0.009002713 ;
kqif.660500 =  0.002770903 ;
