kqid.610100 = -0.014714301 ;
kqif.610200 =  0.010153099 ;
kqid.610300 = -0.011251505 ;
kqif.610400 =  0.012232653 ;
kqid.610500 = -0.009124563 ;
kqif.610600 =  0.002837585 ;
kqif.660100 =  0.012870145 ;
kqid.660200 = -0.010885382 ;
kqif.660300 =  0.011057650 ;
kqid.660400 = -0.007136094 ;
kqif.660500 =  0.002871093 ;
