kqid.610100        = -0.014286731 ;
kqif.610200        =  0.004978253 ;
kqid.610300        = -0.008566866 ;
kqif.610400        =  0.013586237 ;
kqid.610500        = -0.010941940 ;
kqif.610600        =  0.008789731 ;
kqif.660100        =  0.002247769 ;
kqid.660200        = -0.002529476 ;
kqif.660300        =  0.014602747 ;
kqid.660400        = -0.013294165 ;
kqif.660500        =  0.008158578 ;
