kqid.610100 = -0.014370985 ;
kqif.610200 =  0.011278471 ;
kqid.610300 = -0.008913859 ;
kqif.610400 =  0.012485182 ;
kqid.610500 = -0.011151091 ;
kqif.610600 =  0.000730974 ;
kqif.660100 =  0.013349557 ;
kqid.660200 = -0.010983670 ;
kqif.660300 =  0.008776911 ;
kqid.660400 = -0.005570899 ;
kqif.660500 =  0.002713065 ;
