// quadrupole strengths for TT60/TT66 after matching to focal point
kqid.610100        = -0.014370985 ;
kqif.610200        =  0.011278471 ;
kqid.610300        = -0.004364554 ;
kqif.610400        =  0.013954626 ;
kqid.610500        = -0.010793711 ;
kqif.610600        =  0.000497616 ;
kqif.660100        =  0.014037879 ;
kqid.660200        = -0.011139284 ;
kqif.660300        =  0.009692563 ;
kqid.660400        = -0.005832373 ;
kqif.660500        =  0.002164413 ;
