kqid.610100 = -0.014307485 ;
kqif.610200 =  0.009071496 ;
kqid.610300 = -0.011793961 ;
kqif.610400 =  0.012980046 ;
kqid.610500 = -0.011090949 ;
kqif.610600 =  0.006188171 ;
kqif.660100 =  0.012436462 ;
kqid.660200 = -0.011139636 ;
kqif.660300 =  0.010768876 ;
kqid.660400 = -0.004569087 ;
kqif.660500 =  0.000827450 ;
