kqid.610100 = -0.013530541 ;
kqif.610200 =  0.008466385 ;
kqid.610300 = -0.010999468 ;
kqif.610400 =  0.011964355 ;
kqid.610500 = -0.008278287 ;
kqif.610600 =  0.002512842 ;
kqif.660100 =  0.012691020 ;
kqid.660200 = -0.010413445 ;
kqif.660300 =  0.013320644 ;
kqid.660400 = -0.010465903 ;
kqif.660500 =  0.004745332 ;
