kqid.610100 = -0.008600167 ;
kqif.610200 =  0.009136039 ;
kqid.610300 = -0.011011863 ;
kqif.610400 =  0.011697690 ;
kqid.610500 = -0.012649541 ;
kqif.610600 =  0.001195211 ;
kqif.660100 =  0.008495414 ;
kqid.660200 = -0.007412504 ;
kqif.660300 =  0.014306220 ;
kqid.660400 = -0.014428381 ;
kqif.660500 =  0.013883513 ;
