kqid.610100 = -0.008880143 ;
kqif.610200 =  0.007986307 ;
kqid.610300 = -0.010091044 ;
kqif.610400 =  0.010956157 ;
kqid.610500 = -0.008131580 ;
kqif.610600 =  0.001411718 ;
kqif.660100 =  0.003673175 ;
kqid.660200 = -0.005286517 ;
kqif.660300 =  0.015495738 ;
kqid.660400 = -0.012770107 ;
kqif.660500 =  0.007172908 ;
