// quadrupole strengths for TT60/TT66 after matching to focal point
kqid.610100        = -0.013530541 ;
kqif.610200        =  0.008466385 ;
kqid.610300        = -0.008518171 ;
kqif.610400        =  0.013647360 ;
kqid.610500        = -0.009723119 ;
kqif.610600        =  0.004261179 ;
kqif.660100        =  0.010662470 ;
kqid.660200        = -0.009660461 ;
kqif.660300        =  0.014546423 ;
kqid.660400        = -0.011749012 ;
kqif.660500        =  0.007382906 ;
