kqid.610100 = -0.01042498 ;
kqif.610200 =  0.01074563 ;
kqid.610300 = -0.01099821 ;
kqif.610400 =  0.00806492 ;
kqid.610500 = -0.01327963 ;
kqif.610600 =  0.00583746 ;
kqif.660100 =  0.00626906 ;
kqid.660200 = -0.00886145 ;
kqif.660300 =  0.01479068 ;
kqid.660400 = -0.01168374 ;
kqif.660500 =  0.00848908; 