// quadrupole strengths for TT60/TT66 after matching to focal point
kqid.610100        = -0.014370985 ;
kqif.610200        =  0.011278471 ;
kqid.610300        = -0.005601863 ;
kqif.610400        =  0.013488255 ;
kqid.610500        = -0.010926632 ;
kqif.610600        =  0.001031774 ;
kqif.660100        =  0.013705364 ;
kqid.660200        = -0.011035511 ;
kqif.660300        =  0.009537783 ;
kqid.660400        = -0.005884138 ;
kqif.660500        =  0.002354305 ;
