!with spot=0.327 mm^2 at window, 1.06 mm^2 at dump
kqid.610100 = -0.010200444 ;
kqif.610200 =  0.009227498 ;
kqid.610300 = -0.009928522 ;
kqif.610400 =  0.009935709 ;
kqid.610500 = -0.008967983 ;
kqif.610600 =  0.001018231 ;
kqif.660100 =  0.004842759 ;
kqid.660200 = -0.004162043 ;
kqif.660300 =  0.013176911 ;
kqid.660400 = -0.014278377 ;
kqif.660500 =  0.013834260 ;
