// quadrupole strengths for TT60/TT66 after matching to focal point
kqid.610100        = -0.014370985 ;
kqif.610200        =  0.011278471 ;
kqid.610300        = -0.007219198 ;
kqif.610400        =  0.013217620 ;
kqid.610500        = -0.010630588 ;
kqif.610600        =  0.000673951 ;
kqif.660100        =  0.013637438 ;
kqid.660200        = -0.011060743 ;
kqif.660300        =  0.009771584 ;
kqid.660400        = -0.005921603 ;
kqif.660500        =  0.002330773 ;
