// quadrupole strengths for TT60/TT66 after matching to focal point
kqid.610100        = -0.014370985 ;
kqif.610200        =  0.011278471 ;
kqid.610300        = -0.007256608 ;
kqif.610400        =  0.013262172 ;
kqid.610500        = -0.010696136 ;
kqif.610600        =  0.000805017 ;
kqif.660100        =  0.013575632 ;
kqid.660200        = -0.011002927 ;
kqif.660300        =  0.009714870 ;
kqid.660400        = -0.005946209 ;
kqif.660500        =  0.002389057 ;
