kqid.610100 = -0.013203528 ;
kqif.610200 =  0.008658358 ;
kqid.610300 = -0.011279367 ;
kqif.610400 =  0.012051398 ;
kqid.610500 = -0.008919496 ;
kqif.610600 =  0.003286998 ;
kqif.660100 =  0.012445697 ;
kqid.660200 = -0.010409806 ;
kqif.660300 =  0.013011989 ;
kqid.660400 = -0.009795315 ;
kqif.660500 =  0.004223716 ;
