kqid.610100 = -0.014269043 ;
kqif.610200 =  0.010019806 ;
kqid.610300 = -0.008359239 ;
kqif.610400 =  0.012936214 ;
kqid.610500 = -0.011864397 ;
kqif.610600 =  0.004138664 ;
kqif.660100 =  0.012887025 ;
kqid.660200 = -0.011044572 ;
kqif.660300 =  0.009450492 ;
kqid.660400 = -0.004922221 ;
kqif.660500 =  0.001712822 ;
