kqid.610100 = -0.014370985 ;
kqif.610200 =  0.011278471 ;
kqid.610300 = -0.010556376 ;
kqif.610400 =  0.011897507 ;
kqid.610500 = -0.010616226 ;
kqif.610600 =  0.000000000 ;
kqif.660100 =  0.013241094 ;
kqid.660200 = -0.010917346 ;
kqif.660300 =  0.008734754 ;
kqid.660400 = -0.005665124 ;
kqif.660500 =  0.002896718 ;
