// quadrupole strengths for TT60/TT66 after matching to focal point
kqid.610100        = -0.014370985 ;
kqif.610200        =  0.011278471 ;
kqid.610300        = -0.010142220 ;
kqif.610400        =  0.011600190 ;
kqid.610500        = -0.010332687 ;
kqif.610600        =  0.000592662 ;
kqif.660100        =  0.013079437 ;
kqid.660200        = -0.010836076 ;
kqif.660300        =  0.008729829 ;
kqid.660400        = -0.005976602 ;
kqif.660500        =  0.003061281 ;
