// quadrupole strengths for TT60/TT66 after matching to focal point
kqid.610100        = -0.014370985 ;
kqif.610200        =  0.011278471 ;
kqid.610300        = -0.004182872 ;
kqif.610400        =  0.013821511 ;
kqid.610500        = -0.010999955 ;
kqif.610600        =  0.000834351 ;
kqif.660100        =  0.014003959 ;
kqid.660200        = -0.011191223 ;
kqif.660300        =  0.009576785 ;
kqid.660400        = -0.005680712 ;
kqif.660500        =  0.002096560 ;
