// quadrupole strengths for TT60/TT66 after matching to focal point
kqid.610100        = -0.013530541 ;
kqif.610200        =  0.008466385 ;
kqid.610300        = -0.010761913 ;
kqif.610400        =  0.013830859 ;
kqid.610500        = -0.009310958 ;
kqif.610600        =  0.003588849 ;
kqif.660100        =  0.011348290 ;
kqid.660200        = -0.010398675 ;
kqif.660300        =  0.015195390 ;
kqid.660400        = -0.011323917 ;
kqif.660500        =  0.006907541 ;
