// quadrupole strengths for TT60/TT66 after matching to focal point
kqid.610100        = -0.014370985 ;
kqif.610200        =  0.011278471 ;
kqid.610300        = -0.004536684 ;
kqif.610400        =  0.014133585 ;
kqid.610500        = -0.010732075 ;
kqif.610600        =  0.000448920 ;
kqif.660100        =  0.014042320 ;
kqid.660200        = -0.011094500 ;
kqif.660300        =  0.009800216 ;
kqid.660400        = -0.005853535 ;
kqif.660500        =  0.002118151 ;
