// quadrupole strengths for TT60/TT66 after matching to focal point
kqid.610100        = -0.014370985 ;
kqif.610200        =  0.011278471 ;
kqid.610300        = -0.004455983 ;
kqif.610400        =  0.014658524 ;
kqid.610500        = -0.011256338 ;
kqif.610600        = -0.000368526 ;
kqif.660100        =  0.014390321 ;
kqid.660200        = -0.011243878 ;
kqif.660300        =  0.009408181 ;
kqid.660400        = -0.005122375 ;
kqif.660500        =  0.001745400 ;
